33 3 3 3
0 0 508.790710 503.223236 -0.000000 50
1 2 488.450195 514.631836 -42.087532 0
1 2 499.491028 526.381409 -12.602384 0
1 2 510.046906 528.440125 -12.602384 0
1 2 530.774719 524.401917 28.127625 0
1 2 539.698792 519.674805 28.127625 0
1 2 542.453918 502.042053 28.127625 0
1 2 532.525879 504.890442 28.127625 0
1 2 523.765686 509.321411 28.127625 0
1 2 526.804321 543.706177 28.127625 0
1 2 538.217346 541.039429 28.127625 0
1 2 497.726959 545.640625 -32.524982 0
1 2 485.630249 533.710449 -32.524982 0
1 2 481.866821 504.757446 135.945938 0
1 2 477.516266 493.355377 135.945938 0
3 8 472.324951 500.781525 -0.000000 0
3 8 474.436127 508.302795 46.162159 0
3 8 476.426941 522.126038 91.645409 0
3 8 490.848602 527.511597 91.645409 0
3 8 489.959747 543.112976 91.645409 0
3 8 504.097260 550.507141 91.645409 0
3 8 523.403442 534.050842 156.280243 0
3 8 550.751709 506.560791 156.280243 0
3 8 548.613403 514.160095 156.280243 0
3 8 524.685547 492.846313 156.280243 0
3 8 490.093475 487.661102 156.280243 0
3 8 483.112549 484.999268 -129.646866 0
3 7 535.730347 489.440735 -0.000000 0
3 7 520.510193 522.039063 -48.947739 0
3 7 508.660645 537.663818 -48.947739 0
3 7 499.720154 534.753296 -48.947739 0
3 42 502.790710 497.223267 270.000000 0
3 77 532.790710 492.223267 262.000000 0
3 42 502.790710 497.223267 204.000000 0
3 6 480.839386 525.313477 -0.000000 0
3 6 476.768555 513.939636 -0.000000 0
3 6 467.931885 506.323120 -0.000000 0
3 6 468.302246 515.066528 -0.000000 0
3 6 469.601166 522.023682 -0.000000 0
3 6 485.730560 544.127869 -0.000000 0
3 6 518.717651 551.509766 -0.000000 0
3 6 518.479919 537.005432 -0.000000 0
4 3 501.790710 480.223236 202.000000 0
3 7 532.790710 489.223267 191.000000 0
3 37 520.790710 505.223267 50.000000 0
4 1 498.790710 498.223267 58.000000 0
3 17 510.790710 481.223236 273.000000 0
3 74 517.790710 499.223267 68.000000 0
3 74 517.790710 499.223267 325.000000 0
4 3 495.790710 488.223267 87.000000 0
3 15 517.790710 494.223267 353.000000 0
3 15 517.790710 494.223267 217.000000 0
3 20 499.790710 512.223267 51.000000 0
3 65 530.790710 483.223236 269.000000 0
3 62 513.790710 492.223267 313.000000 0
3 44 495.790710 480.223236 325.000000 0
3 44 495.790710 480.223236 159.000000 0
3 30 506.790710 494.223267 151.000000 0
4 0 508.790710 514.223267 187.000000 0
