0 0 -1.52005 -1.36143 1.85919 1.40458
1 0 -2.75157 -2.9026 2.81464 2.96567
1 1 -4.31602e+08 -4.31602e+08 -4.31602e+08 -4.31602e+08
3 0 -5.4463 -5.08006 5.36701 5.00078
3 1 -4.12698 -4.25963 4.90247 5.03512
3 2 -6.01739 -6.23943 3.97636 4.19839
3 3 -5.92941 -5.5007 5.82451 5.3958
3 4 -6.69904 -7.0435 4.25265 4.59711
3 5 -0.224253 -0.233557 0.226142 0.235446
3 6 -0.235602 -0.200857 0.245569 0.210825
3 7 -0.26485 -0.253059 0.25859 0.246798
3 8 -0.313516 -0.315621 0.302195 0.304301
3 9 -0.215732 -0.205217 0.213945 0.20343
3 10 -0.218426 -0.203398 0.205542 0.190514
4 0 -1.78786 -0.248841 1.79007 0.251054
4 1 -1.71608 -0.262006 1.71287 0.258798
4 2 -1.71928 -0.252888 1.71246 0.246069
4 3 -1.66002 -0.277644 1.65665 0.274282
4 4 -0.436882 -0.436884 0.42468 0.424683
4 5 -0.711871 -0.717985 0.707139 0.713253
4 6 -1.4142 -0.634821 2.39162 1.61224
4 7 -1.43428 -0.588651 2.52252 1.67689
4 8 -0.513242 -0.530472 0.521292 0.538522
4 9 -0.402566 -0.383003 0.397168 0.377606
4 10 -0.33423 -0.212155 0.523184 0.40111
4 11 -0.38423 -0.365562 0.378602 0.359934
4 12 -0.385658 -0.366941 0.379148 0.360432
4 13 -0.404155 -0.384361 0.40466 0.384867
4 14 -0.464794 -0.441967 0.468008 0.445181
4 15 -0.116093 -0.116093 0.12034 0.12034
4 16 -0.17395 -0.111181 0.180925 0.118156
4 17 -0.113488 -0.113488 0.122944 0.122944
4 18 -0.443432 -0.258212 0.448598 0.263378
4 19 -0.521966 -0.486504 0.52196 0.486498
4 20 -0.446345 -0.395703 0.430365 0.379723
4 21 -0.530061 -0.494599 0.513865 0.478403
4 22 -0.519467 -0.484005 0.524459 0.488997
4 23 -0.527896 -0.460228 0.525001 0.457332
4 24 -0.386222 -0.741229 0.380828 0.735835
